100
6 21.08 2.35 21.90 3.30 23.35 4.13 27.55 3.29 28.62 -0.96 20.75 -0.96
8 43.00 36.50 37.50 36.50 36.59 38.32 36.67 39.00 36.74 39.21 38.89 40.44 42.10 39.90 43.50 38.50
7 21.50 18.00 17.61 16.06 16.48 16.22 14.33 18.15 15.81 30.00 16.88 30.00 23.25 21.50
5 37.77 16.05 42.00 15.20 42.00 8.22 38.87 8.57 36.72 13.94
8 22.89 32.19 16.88 30.00 15.81 30.00 14.37 30.89 12.50 36.50 14.21 38.50 21.50 38.50 21.85 38.41
8 2.83 27.83 -0.24 26.61 -0.98 26.71 -0.98 33.41 0.21 33.21 1.32 32.77 2.17 31.50 3.25 28.25
6 24.00 9.00 24.00 5.75 23.35 4.13 21.90 3.30 19.75 9.75 19.88 10.38
5 37.07 18.50 37.77 16.05 36.72 13.94 31.08 12.82 32.50 18.50
5 33.56 2.68 36.05 3.09 36.17 3.00 38.81 -0.96 32.35 -0.96
6 13.54 5.92 12.31 3.06 4.94 1.59 5.50 5.50 8.05 7.41 12.36 8.27
7 1.50 21.25 4.33 19.83 5.93 16.64 5.30 15.70 4.89 15.34 -0.98 12.73 -0.98 20.63
5 36.67 39.00 36.59 38.32 31.50 34.50 30.21 38.36 31.50 39.00
5 40.94 29.12 45.74 32.32 46.83 32.17 44.25 27.00 40.58 27.00
4 6.50 10.50 8.05 7.41 5.50 5.50 3.79 7.79
7 31.00 12.75 31.08 12.82 36.72 13.94 38.87 8.57 38.75 8.50 31.79 8.50 31.00 9.88
6 3.79 7.79 5.50 5.50 4.94 1.59 3.03 -0.96 -0.98 -0.96 -0.98 11.36
6 33.75 27.50 27.36 27.50 26.17 31.65 30.56 32.62 34.15 30.24 34.60 28.64
4 4.00 37.00 1.00 37.00 1.00 42.44 2.14 42.57
7 31.83 23.67 37.42 22.27 37.93 20.50 37.07 18.50 32.50 18.50 30.30 20.70 29.75 22.62
7 29.00 40.25 27.83 42.00 29.50 44.50 29.86 44.57 31.67 43.67 32.33 42.33 31.50 41.50
4 45.00 23.00 45.50 24.50 49.98 26.74 49.98 18.02
4 15.83 44.83 9.00 46.20 9.00 48.96 18.19 48.96
5 3.79 7.79 -0.98 11.36 -0.98 12.73 4.89 15.34 6.50 10.50
4 1.32 32.77 5.00 34.00 5.83 31.50 2.17 31.50
4 21.50 38.50 14.21 38.50 16.08 42.85 17.50 42.50
5 7.07 43.50 4.00 43.50 2.64 48.96 9.00 48.96 9.00 46.20
5 44.25 27.00 46.83 32.17 47.00 32.19 49.98 31.07 49.98 27.00
7 47.25 17.00 45.00 17.00 41.50 20.50 43.17 23.00 45.00 23.00 49.98 18.02 49.98 17.61
8 5.83 31.50 5.00 34.00 6.00 36.00 10.50 37.50 12.50 36.50 14.37 30.89 9.20 28.59 7.44 29.09
8 45.74 32.32 43.00 34.38 43.00 36.50 43.50 38.50 45.50 38.50 47.00 38.20 47.00 32.19 46.83 32.17
5 43.00 34.38 38.83 33.33 38.50 33.50 37.50 36.50 43.00 36.50
5 43.50 38.50 42.10 39.90 44.50 43.50 45.50 43.50 45.50 38.50
5 42.00 8.22 42.00 15.20 45.00 17.00 47.25 17.00 42.67 7.85
6 23.50 42.50 23.71 42.00 23.62 41.38 21.85 38.41 21.50 38.50 17.50 42.50
6 29.86 44.57 29.50 44.50 27.10 46.10 26.61 48.06 26.79 48.96 31.32 48.96
4 49.98 27.00 49.98 26.74 45.50 24.50 44.25 27.00
6 31.50 41.50 32.33 42.33 35.50 40.75 36.74 39.21 36.67 39.00 31.50 39.00
4 7.50 17.17 7.50 24.75 8.06 25.17 12.63 18.31
8 7.44 29.09 9.20 28.59 8.06 25.17 7.50 24.75 5.29 23.64 4.75 24.00 2.83 27.83 3.25 28.25
4 47.00 32.19 47.00 38.20 49.98 39.99 49.98 31.07
6 26.83 7.17 27.79 9.07 31.00 9.88 31.79 8.50 31.35 5.44 29.36 4.64
4 21.08 2.35 15.62 5.62 19.75 9.75 21.90 3.30
4 40.72 -0.96 38.81 -0.96 36.17 3.00 42.30 3.00
6 7.07 43.50 10.50 37.50 6.00 36.00 4.00 37.00 2.14 42.57 4.00 43.50
7 40.33 47.67 38.89 40.44 36.74 39.21 35.50 40.75 35.50 47.50 36.08 48.96 40.01 48.96
4 2.17 31.50 5.83 31.50 7.44 29.09 3.25 28.25
5 12.47 9.19 12.36 8.27 8.05 7.41 6.50 10.50 10.50 10.50
4 42.30 3.00 42.61 3.39 46.96 -0.96 40.72 -0.96
9 19.75 9.75 15.62 5.62 13.54 5.92 12.36 8.27 12.47 9.19 16.48 16.22 17.61 16.06 18.50 14.50 19.88 10.38
7 30.21 38.36 31.50 34.50 30.56 32.62 26.17 31.65 25.60 31.91 26.50 35.50 29.70 38.70
5 31.79 8.50 38.75 8.50 36.05 3.09 33.56 2.68 31.35 5.44
4 42.10 39.90 38.89 40.44 40.33 47.67 44.50 43.50
5 27.79 9.07 26.83 7.17 24.00 5.75 24.00 9.00 25.00 10.00
4 1.00 42.44 1.00 37.00 -0.98 35.02 -0.98 42.66
7 14.21 38.50 12.50 36.50 10.50 37.50 7.07 43.50 9.00 46.20 15.83 44.83 16.08 42.85
4 35.50 47.50 35.50 40.75 32.33 42.33 31.67 43.67
6 38.72 26.17 40.54 26.94 43.17 23.00 41.50 20.50 37.93 20.50 37.42 22.27
5 16.88 30.00 22.89 32.19 23.50 32.08 23.50 21.64 23.25 21.50
6 29.00 39.75 29.00 40.25 31.50 41.50 31.50 39.00 30.21 38.36 29.70 38.70
6 34.15 30.24 30.56 32.62 31.50 34.50 36.59 38.32 37.50 36.50 38.50 33.50
4 12.31 3.06 13.65 -0.96 3.03 -0.96 4.94 1.59
5 27.55 3.29 23.35 4.13 24.00 5.75 26.83 7.17 29.36 4.64
5 5.29 23.64 4.33 19.83 1.50 21.25 1.50 24.00 4.75 24.00
6 25.00 11.25 27.25 14.62 31.00 12.75 31.00 9.88 27.79 9.07 25.00 10.00
8 5.30 15.70 5.93 16.64 7.50 17.17 12.63 18.31 14.33 18.15 16.48 16.22 12.47 9.19 10.50 10.50
5 43.64 7.00 42.67 7.85 47.25 17.00 49.98 17.61 49.98 7.00
9 38.87 8.57 42.00 8.22 42.67 7.85 43.64 7.00 42.61 3.39 42.30 3.00 36.17 3.00 36.05 3.09 38.75 8.50
5 33.75 27.50 34.60 28.64 38.72 26.17 37.42 22.27 31.83 23.67
5 35.50 47.50 31.67 43.67 29.86 44.57 31.32 48.96 36.08 48.96
6 41.50 20.50 45.00 17.00 42.00 15.20 37.77 16.05 37.07 18.50 37.93 20.50
5 -0.98 33.41 -0.98 35.02 1.00 37.00 4.00 37.00 0.21 33.21
5 -0.24 26.61 1.50 24.00 1.50 21.25 -0.98 20.63 -0.98 26.71
6 17.61 16.06 21.50 18.00 26.75 15.38 27.25 14.62 25.00 11.25 18.50 14.50
8 40.54 26.94 38.72 26.17 34.60 28.64 34.15 30.24 38.50 33.50 38.83 33.33 40.94 29.12 40.58 27.00
5 42.61 3.39 43.64 7.00 49.98 7.00 49.98 -0.96 46.96 -0.96
4 26.61 48.06 27.10 46.10 23.50 42.50 22.17 45.83
5 27.92 23.54 27.36 27.50 33.75 27.50 31.83 23.67 29.75 22.62
6 27.55 3.29 29.36 4.64 31.35 5.44 33.56 2.68 32.35 -0.96 28.62 -0.96
6 45.00 23.00 43.17 23.00 40.54 26.94 40.58 27.00 44.25 27.00 45.50 24.50
4 4.75 24.00 1.50 24.00 -0.24 26.61 2.83 27.83
4 38.83 33.33 43.00 34.38 45.74 32.32 40.94 29.12
6 45.50 43.50 47.32 43.86 49.98 43.42 49.98 39.99 47.00 38.20 45.50 38.50
7 30.30 20.70 26.75 15.38 21.50 18.00 23.25 21.50 23.50 21.64 27.92 23.54 29.75 22.62
4 26.50 35.50 26.50 38.50 29.00 39.75 29.70 38.70
5 5.00 34.00 1.32 32.77 0.21 33.21 4.00 37.00 6.00 36.00
7 23.62 41.38 26.50 38.50 26.50 35.50 25.60 31.91 23.50 32.08 22.89 32.19 21.85 38.41
5 18.50 14.50 25.00 11.25 25.00 10.00 24.00 9.00 19.88 10.38
6 12.31 3.06 13.54 5.92 15.62 5.62 21.08 2.35 20.75 -0.96 13.65 -0.96
6 23.71 42.00 27.83 42.00 29.00 40.25 29.00 39.75 26.50 38.50 23.62 41.38
6 4.00 43.50 2.14 42.57 1.00 42.44 -0.98 42.66 -0.98 48.96 2.63 48.96
6 32.50 18.50 31.08 12.82 31.00 12.75 27.25 14.62 26.75 15.38 30.30 20.70
6 12.63 18.31 8.06 25.17 9.20 28.59 14.37 30.89 15.81 30.00 14.33 18.15
6 40.33 47.67 40.01 48.96 44.77 48.96 47.32 43.86 45.50 43.50 44.50 43.50
4 26.61 48.06 22.17 45.83 19.04 48.96 26.79 48.96
5 23.50 42.50 27.10 46.10 29.50 44.50 27.83 42.00 23.71 42.00
6 23.50 21.64 23.50 32.08 25.60 31.91 26.17 31.65 27.36 27.50 27.92 23.54
4 47.32 43.86 44.77 48.96 49.98 48.96 49.98 43.42
7 22.17 45.83 23.50 42.50 17.50 42.50 16.08 42.85 15.83 44.83 18.19 48.96 19.04 48.96
5 5.93 16.64 4.33 19.83 5.29 23.64 7.50 24.75 7.50 17.17
4 5.30 15.70 10.50 10.50 6.50 10.50 4.89 15.34
