500
7 3.50 1.50 2.50 1.83 2.50 3.50 2.79 4.36 3.50 4.83 4.50 4.50 4.50 2.00
7 25.12 23.00 25.00 23.50 25.00 24.83 26.90 26.10 28.50 24.50 28.50 23.50 27.50 23.00
7 47.64 13.36 45.50 15.50 45.50 16.50 47.00 17.25 48.50 16.50 49.98 15.02 49.98 14.29
5 10.79 40.36 8.50 41.50 9.50 43.50 11.50 42.50 11.95 41.14
6 23.75 37.00 21.12 37.00 20.70 38.70 21.00 39.00 24.50 39.00 24.64 38.79
5 32.50 4.50 33.17 3.17 31.50 1.50 30.25 2.75 30.83 4.50
5 11.00 33.00 12.50 34.50 13.50 33.50 13.50 32.00 11.00 32.00
7 6.00 34.67 4.21 34.07 3.83 34.17 0.14 37.86 1.25 38.50 5.50 38.50 6.00 37.75
4 16.00 0.50 17.50 0.50 18.98 -0.98 15.26 -0.98
6 37.83 47.17 37.17 46.83 36.00 48.00 37.98 49.98 38.50 49.98 38.50 48.50
6 11.50 9.50 11.25 9.75 11.50 10.50 13.50 10.50 13.50 9.50 12.83 8.83
6 6.00 25.00 3.50 25.00 3.36 25.21 3.50 25.50 5.50 27.50 6.00 26.50
6 17.50 32.00 17.50 33.50 18.90 34.90 20.00 34.62 20.00 33.00 19.00 32.00
4 4.50 2.00 4.50 4.50 5.50 4.50 6.75 2.00
5 11.50 48.00 8.00 48.00 8.00 49.98 12.50 49.98 12.50 49.50
5 30.83 4.50 30.25 2.75 28.50 2.17 28.50 5.50 29.86 5.95
5 40.50 45.50 38.83 43.83 38.50 43.75 38.50 46.50 40.50 46.50
6 35.50 10.50 32.93 9.21 32.50 10.50 33.50 11.50 35.50 11.50 36.17 11.17
8 31.64 17.79 31.50 18.00 31.50 21.17 31.75 21.50 33.00 21.50 34.50 18.50 34.21 17.64 33.50 17.17
6 35.83 20.83 37.00 22.00 37.50 21.50 37.50 19.50 37.00 19.33 36.50 19.50
6 28.05 1.86 28.50 2.17 30.25 2.75 31.50 1.50 29.02 -0.98 28.99 -0.98
6 8.50 16.50 7.10 15.10 5.14 15.59 4.73 16.81 5.25 17.50 8.50 17.50
3 11.50 37.50 14.00 40.00 14.83 37.50
5 21.12 16.35 22.21 16.07 23.50 13.50 21.50 12.50 20.25 13.75
7 10.75 24.75 13.43 23.86 13.50 23.50 13.50 23.00 9.75 21.12 9.50 21.25 9.50 23.50
4 22.50 49.50 20.50 47.50 20.50 49.98 22.50 49.98
4 10.50 1.50 10.50 3.50 12.00 3.50 12.00 0.00
6 47.83 1.50 47.33 3.00 48.33 6.00 49.98 6.00 49.98 -0.98 48.50 0.50
6 36.50 1.50 35.00 1.50 34.79 1.64 34.50 2.50 35.25 4.00 37.75 4.00
6 28.21 42.36 29.83 43.17 32.33 40.67 32.25 40.25 32.00 40.00 29.00 40.00
5 36.50 45.50 34.50 47.50 35.50 48.00 36.00 48.00 37.17 46.83
5 25.00 47.33 24.50 47.50 24.50 49.98 26.50 49.98 26.50 47.83
8 35.50 11.50 34.00 13.00 34.50 13.50 36.50 13.50 37.07 13.21 37.39 11.94 37.29 11.45 36.17 11.17
5 27.00 28.50 25.00 28.50 25.00 29.00 26.00 30.00 27.00 30.00
5 41.00 27.50 39.75 25.00 38.25 25.00 38.00 25.50 38.00 27.50
7 20.00 1.50 20.00 2.00 22.00 4.00 22.50 3.50 22.50 0.50 21.02 -0.98 20.62 -0.98
5 21.50 40.50 19.83 42.17 20.25 43.00 23.00 43.00 23.50 42.50
4 45.50 1.50 47.83 1.50 48.50 0.50 44.50 0.50
7 25.50 38.50 24.64 38.79 24.50 39.00 24.50 42.30 24.67 42.33 27.50 39.50 26.50 38.50
4 47.00 26.50 47.00 30.00 49.98 29.01 49.98 26.50
4 0.50 21.50 0.50 20.50 -0.98 20.50 -0.98 22.98
7 11.00 19.50 10.70 19.70 9.75 21.12 13.50 23.00 14.36 21.29 14.00 20.75 11.50 19.50
6 36.50 44.25 38.00 43.50 38.00 41.00 36.00 41.00 34.50 42.50 36.17 44.17
6 9.50 16.50 10.00 17.00 11.00 16.00 11.00 15.50 10.75 15.00 9.50 15.00
5 7.10 15.10 8.50 16.50 9.50 16.50 9.50 15.00 8.21 14.36
5 13.00 7.50 11.50 7.50 11.50 9.50 12.83 8.83 13.00 8.50
6 8.79 21.07 8.50 20.50 6.50 18.50 5.50 18.00 5.50 20.50 7.50 21.50
8 41.00 28.00 41.00 27.50 38.00 27.50 37.70 27.70 37.36 28.21 38.17 29.83 39.50 30.50 40.50 29.50
7 24.67 42.33 25.50 42.75 27.00 43.12 27.10 43.10 28.21 42.36 29.00 40.00 27.50 39.50
6 15.17 14.83 16.00 15.25 17.50 14.50 16.00 13.00 15.00 14.00 15.00 14.50
5 13.00 18.00 12.00 17.00 11.00 18.00 11.00 19.50 11.50 19.50
5 43.50 3.50 45.00 3.50 45.17 3.17 44.00 2.00 43.50 2.50
6 41.00 22.00 40.17 22.00 40.00 22.25 40.00 24.50 42.50 24.50 43.00 24.00
4 16.00 49.00 17.50 47.50 17.07 46.21 14.50 47.50
5 18.75 35.00 17.00 35.00 16.50 35.50 16.50 37.50 17.50 37.50
4 28.50 9.50 29.83 10.17 31.90 8.10 30.70 7.30
5 8.21 14.36 9.50 15.00 10.75 15.00 11.50 13.50 8.50 13.50
5 30.50 25.50 29.83 26.83 31.00 28.00 32.00 28.00 32.50 27.50
4 16.00 13.00 16.00 11.00 14.00 13.00 15.00 14.00
5 29.00 40.00 32.00 40.00 32.00 37.75 30.90 36.10 29.00 38.00
6 17.17 31.83 16.83 31.17 16.50 31.00 14.67 31.00 14.50 31.50 16.00 33.00
5 41.50 2.50 43.50 2.50 44.00 2.00 44.00 0.25 43.50 0.50
6 21.93 21.21 21.21 23.36 21.50 23.50 25.00 23.50 25.12 23.00 25.07 22.79
8 21.00 8.00 24.25 8.00 24.32 7.97 23.50 5.50 22.00 4.00 21.50 4.50 20.12 7.25 20.33 7.67
4 8.50 26.50 8.50 24.00 8.00 24.00 7.00 25.00
6 19.10 39.10 17.50 37.50 16.50 37.50 16.50 40.00 17.50 40.50 18.36 40.21
6 5.67 12.00 7.75 12.00 8.50 10.50 8.50 9.25 7.90 9.10 5.50 11.50
3 5.50 27.50 3.50 25.50 3.50 28.50
5 43.00 35.50 42.50 34.50 41.00 36.00 42.50 37.50 43.00 37.33
7 39.62 5.00 39.25 4.50 38.50 4.50 36.50 6.50 36.50 7.50 37.50 8.50 39.90 6.10
5 14.50 35.50 12.50 34.50 12.00 35.50 12.00 36.50 14.50 36.50
4 12.00 17.00 11.00 16.00 10.00 17.00 11.00 18.00
5 9.50 26.50 8.50 26.50 7.50 28.50 8.17 30.50 9.50 30.50
5 21.50 10.50 23.00 10.50 24.25 8.00 21.00 8.00 21.00 10.00
5 45.83 47.83 46.50 48.50 49.50 48.50 48.50 47.50 46.00 47.50
5 1.50 8.50 1.50 7.50 0.50 6.50 -0.98 6.50 -0.98 9.74
7 12.25 4.00 12.00 3.50 10.50 3.50 10.00 4.00 10.00 4.75 10.50 5.00 11.75 5.00
7 9.95 30.59 10.50 31.00 14.07 29.21 14.12 29.00 13.75 27.50 12.50 27.50 11.17 28.17
4 42.00 31.00 40.50 29.50 39.50 30.50 41.00 32.00
5 16.00 16.50 17.50 16.50 18.17 15.83 17.50 14.50 16.00 15.25
4 6.00 37.75 5.50 38.50 8.50 38.50 8.50 36.50
5 46.50 48.50 45.83 47.83 45.50 48.00 45.50 49.98 46.50 49.98
5 15.10 21.10 17.50 23.50 18.50 23.17 18.50 21.00 15.25 21.00
3 11.50 42.50 11.50 45.50 13.00 44.00
5 2.50 1.83 3.50 1.50 4.74 -0.98 -0.98 -0.98 -0.98 -0.49
6 37.39 11.94 40.50 13.50 41.64 11.21 41.50 11.00 37.62 11.00 37.29 11.45
6 35.83 20.83 33.75 21.88 34.00 22.25 36.50 23.50 37.00 23.33 37.00 22.00
8 36.50 13.50 35.50 14.50 35.50 15.50 36.50 16.50 37.00 16.50 37.50 16.17 37.50 14.50 37.07 13.21
8 39.64 18.79 39.17 19.50 39.83 21.50 40.17 22.00 41.00 22.00 42.50 20.50 42.50 18.00 42.35 17.88
5 33.00 49.00 31.00 47.00 29.50 48.50 29.50 49.98 33.00 49.98
6 18.00 29.00 18.00 30.00 19.00 31.00 20.00 30.00 20.00 29.25 19.50 29.00
6 24.25 36.00 23.50 34.50 22.50 34.50 20.65 35.12 21.12 37.00 23.75 37.00
5 5.50 27.50 3.50 28.50 2.50 29.50 3.00 30.00 5.50 30.83
5 22.50 0.50 24.00 1.25 25.50 0.50 25.50 -0.98 21.02 -0.98
5 14.67 31.00 16.50 31.00 16.50 29.00 14.12 29.00 14.07 29.21
5 35.50 48.00 34.50 47.50 33.00 49.00 33.00 49.98 35.50 49.98
5 38.50 39.50 39.50 38.00 39.50 37.50 37.50 35.50 36.50 37.50
9 30.70 7.30 31.90 8.10 32.70 8.30 33.00 8.00 33.75 5.75 32.50 4.50 30.83 4.50 29.86 5.95 29.90 6.10
5 23.10 30.90 22.83 30.50 20.50 30.50 20.50 32.50 22.50 31.50
4 1.00 19.50 1.75 18.00 -0.98 18.00 -0.98 19.50
5 23.00 27.50 23.00 26.00 21.00 26.00 20.50 26.50 21.00 27.50
5 46.36 37.79 45.00 37.33 44.50 37.50 44.50 40.50 46.70 38.30
7 13.00 44.00 11.50 45.50 11.36 45.79 11.50 46.00 13.00 46.00 14.50 44.50 14.75 44.00
5 47.00 45.00 45.25 45.00 46.00 46.50 48.00 46.50 48.00 46.00
6 30.50 25.50 28.50 24.50 26.90 26.10 27.64 27.21 28.50 27.50 29.83 26.83
6 44.00 8.50 44.00 12.00 46.62 12.00 47.12 10.00 46.41 7.15 46.10 7.10
4 17.50 1.50 17.50 0.50 16.00 0.50 16.00 1.50
4 28.50 23.50 28.50 20.17 27.50 20.50 27.50 23.00
4 33.50 13.00 33.50 11.50 32.50 10.50 32.50 13.50
6 26.17 3.50 27.10 2.10 25.50 0.50 24.00 1.25 24.00 2.75 25.50 3.50
5 28.50 23.50 28.50 24.50 30.50 25.50 31.50 24.50 31.50 22.00
7 17.50 6.50 17.50 9.00 18.50 9.00 19.50 8.50 20.33 7.67 20.12 7.25 17.88 5.75
5 16.00 49.00 14.50 47.50 12.50 49.50 12.50 49.98 16.00 49.98
5 46.62 12.00 47.64 13.36 49.98 14.29 49.98 10.00 47.12 10.00
4 21.50 12.50 21.50 10.50 21.00 10.00 20.00 11.00
6 45.17 3.17 45.50 3.00 45.50 1.50 44.50 0.50 44.00 0.25 44.00 2.00
4 12.00 36.50 11.50 37.50 14.83 37.50 14.50 36.50
7 36.50 45.50 37.17 46.83 37.83 47.17 38.50 46.50 38.50 43.75 38.00 43.50 36.50 44.25
4 10.17 7.17 8.50 5.50 8.50 9.25 9.21 9.07
4 29.00 45.00 30.50 46.50 30.50 44.00 30.17 43.83
3 41.50 47.50 39.02 49.98 41.50 49.98
5 13.50 4.00 13.50 1.50 12.00 0.00 12.00 3.50 12.25 4.00
6 10.75 37.75 11.50 37.50 12.00 36.50 12.00 35.50 9.00 35.50 9.00 36.00
6 0.50 23.50 2.50 22.50 2.50 21.50 0.50 21.50 -0.98 22.98 -0.98 23.50
4 30.50 30.50 27.50 30.50 27.50 33.00 31.17 31.17
3 8.50 20.50 8.50 18.50 6.50 18.50
5 14.00 20.75 14.00 18.50 13.75 18.00 13.00 18.00 11.50 19.50
6 19.50 29.00 20.00 29.25 21.00 28.75 21.00 27.50 20.50 26.50 19.50 27.50
5 26.64 9.36 26.83 9.50 28.50 9.50 30.70 7.30 29.90 6.10
4 17.50 4.50 21.50 4.50 22.00 4.00 20.00 2.00
6 29.50 48.50 27.50 47.50 27.00 47.50 26.50 47.83 26.50 49.98 29.50 49.98
6 20.00 11.00 21.00 10.00 21.00 8.00 20.33 7.67 19.50 8.50 19.50 11.00
6 46.79 20.64 47.00 20.50 47.00 18.50 45.50 18.50 44.83 19.17 45.17 19.83
5 11.50 10.50 11.50 12.00 12.10 12.90 14.00 11.00 13.50 10.50
4 25.50 42.75 25.50 45.50 27.00 45.50 27.00 43.12
4 1.00 20.00 0.50 20.50 0.50 21.50 2.50 21.50
5 46.70 38.30 44.50 40.50 44.50 41.00 47.00 41.00 47.00 38.50
5 37.50 16.17 38.50 16.50 39.50 15.50 39.50 14.50 37.50 14.50
5 21.50 23.50 23.50 25.50 24.50 25.17 25.00 24.83 25.00 23.50
6 34.90 31.90 36.00 33.00 37.75 33.00 38.17 32.17 37.00 31.00 35.50 31.00
4 39.50 15.50 38.50 16.50 42.00 16.50 42.00 15.50
6 42.50 3.50 41.50 2.50 40.25 2.50 39.25 4.50 39.62 5.00 42.50 5.00
4 29.83 29.17 29.17 28.83 27.50 30.50 30.50 30.50
6 45.00 35.50 43.00 35.50 43.00 37.33 43.50 37.50 44.50 37.50 45.00 37.33
7 15.29 43.64 14.75 44.00 14.50 44.50 14.50 47.50 17.07 46.21 17.38 45.00 17.00 44.50
4 -0.32 12.86 -0.98 12.75 -0.98 16.50 1.50 16.50
5 11.00 15.50 11.00 16.00 12.00 17.00 13.17 15.83 13.00 15.50
4 6.83 41.50 8.50 41.50 8.50 39.50 6.17 39.50
9 8.90 35.10 11.00 33.00 11.00 32.00 10.50 31.00 9.95 30.59 9.50 30.50 8.17 30.50 7.50 31.00 7.50 34.17
6 17.50 4.50 17.50 1.50 16.00 1.50 15.75 2.00 17.06 4.61 17.33 4.67
6 6.00 23.25 6.83 22.83 7.50 21.50 5.50 20.50 5.00 21.00 5.00 22.75
4 37.50 35.50 39.50 37.50 40.25 36.00 40.00 35.50
5 37.62 11.00 41.50 11.00 41.50 9.50 40.50 8.50 37.93 9.79
4 23.50 34.50 26.17 33.17 24.50 31.50 23.50 31.17
4 43.50 5.50 45.00 6.00 45.00 3.50 43.50 3.50
5 17.88 5.75 20.12 7.25 21.50 4.50 17.50 4.50 17.33 4.67
7 20.70 38.70 19.10 39.10 18.36 40.21 19.17 41.83 19.83 42.17 21.50 40.50 21.00 39.00
6 24.50 42.30 24.50 45.50 25.00 46.00 25.50 45.50 25.50 42.75 24.67 42.33
5 29.00 45.00 30.17 43.83 29.83 43.17 28.21 42.36 27.10 43.10
6 44.50 31.83 46.50 30.50 44.50 28.50 43.00 30.00 43.00 31.00 43.50 31.50
7 1.50 8.50 -0.98 9.74 -0.98 12.75 -0.32 12.86 1.50 12.50 3.00 10.25 3.00 10.00
6 32.50 10.50 30.50 11.50 30.07 12.79 30.14 13.05 32.25 13.75 32.50 13.50
7 43.00 44.50 42.50 44.50 40.50 45.50 40.50 46.50 41.50 47.50 42.50 47.50 43.75 45.00
5 40.25 2.50 41.50 2.50 43.50 0.50 40.00 0.50 39.88 1.00
5 16.50 37.50 16.50 35.50 14.50 35.50 14.50 36.50 14.83 37.50
7 32.00 31.00 32.00 28.00 31.00 28.00 29.83 29.17 30.50 30.50 31.17 31.17 31.88 31.35
5 46.70 26.30 44.50 28.50 46.50 30.50 47.00 30.00 47.00 26.50
6 19.00 32.00 20.00 33.00 20.50 32.50 20.50 30.50 20.00 30.00 19.00 31.00
4 35.50 37.50 33.00 40.00 35.00 40.00 35.50 39.50
4 35.50 14.50 34.50 14.50 33.50 15.50 35.50 15.50
4 36.50 1.50 36.50 -0.98 35.00 -0.98 35.00 1.50
5 42.10 15.10 43.21 14.36 44.00 12.00 41.64 11.21 40.50 13.50
6 46.50 34.50 45.50 34.50 45.00 35.50 45.00 37.33 46.36 37.79 47.25 36.00
7 12.00 0.00 12.00 -0.98 7.00 -0.98 7.00 1.83 7.25 2.00 9.50 2.00 10.50 1.50
4 35.50 44.50 32.50 44.50 32.50 45.50 34.50 45.50
5 2.50 21.50 2.50 17.50 1.75 18.00 1.00 19.50 1.00 20.00
7 23.50 16.50 22.21 16.07 21.12 16.35 20.59 17.05 20.20 19.02 21.50 20.00 23.50 19.00
5 37.50 35.50 35.00 35.50 34.50 36.50 35.50 37.50 36.50 37.50
6 5.75 31.00 7.50 31.00 8.17 30.50 7.50 28.50 5.50 27.50 5.50 30.83
5 49.50 48.50 46.50 48.50 46.50 49.98 49.98 49.98 49.98 48.82
6 47.00 41.00 47.50 41.50 49.98 39.02 49.98 38.99 48.50 38.50 47.00 38.50
6 14.36 21.29 15.10 21.10 15.25 21.00 16.50 18.50 14.00 18.50 14.00 20.75
6 13.17 15.83 12.00 17.00 13.00 18.00 13.75 18.00 14.25 17.00 13.83 16.17
7 9.00 36.00 9.00 35.50 8.90 35.10 7.50 34.17 6.00 34.67 6.00 37.75 8.50 36.50
4 21.50 12.50 23.00 11.00 23.00 10.50 21.50 10.50
4 24.00 2.75 24.00 1.25 22.50 0.50 22.50 3.50
3 34.50 47.50 34.50 45.50 32.50 45.50
6 30.50 46.50 31.00 47.00 32.50 45.50 32.50 44.50 32.33 44.00 30.50 44.00
5 43.50 48.50 42.50 47.50 41.50 47.50 41.50 49.98 43.50 49.98
5 5.50 11.50 3.00 10.25 1.50 12.50 4.77 14.68 5.67 12.00
4 5.50 47.17 3.14 47.95 2.63 49.98 5.50 49.98
6 10.75 24.75 9.50 23.50 8.50 24.00 8.50 26.50 9.50 26.50 10.50 25.50
7 13.64 40.71 11.95 41.14 11.50 42.50 13.00 44.00 14.75 44.00 15.29 43.64 15.10 42.90
5 27.50 39.50 29.00 40.00 29.00 38.00 27.50 36.50 26.50 38.50
5 43.50 39.50 43.50 37.50 43.00 37.33 42.50 37.50 42.50 39.50
5 19.00 25.00 20.50 26.50 21.00 26.00 21.00 23.50 19.00 23.50
5 29.83 26.83 28.50 27.50 29.17 28.83 29.83 29.17 31.00 28.00
5 46.00 23.50 48.00 23.50 48.17 23.17 46.50 21.50 45.50 22.50
4 31.00 47.00 33.00 49.00 34.50 47.50 32.50 45.50
6 31.50 1.50 33.17 3.17 34.50 2.50 34.79 1.64 33.50 1.00 32.00 1.00
4 14.50 31.50 13.50 32.00 13.50 33.50 14.50 33.50
4 11.17 28.17 12.50 27.50 10.50 25.50 9.50 26.50
4 21.93 21.21 25.07 22.79 25.83 20.50 21.75 20.50
5 1.75 18.00 2.50 17.50 1.50 16.50 -0.98 16.50 -0.98 18.00
7 35.50 28.83 37.36 28.21 37.70 27.70 36.00 26.00 35.00 26.00 33.90 27.10 34.70 28.30
5 5.50 4.50 4.50 4.50 3.50 4.83 3.50 6.50 5.50 6.50
6 28.83 15.00 29.00 15.25 30.83 16.17 32.50 14.50 32.25 13.75 30.14 13.05
4 34.00 24.00 35.00 25.00 36.50 23.50 34.00 22.25
6 2.50 22.50 0.50 23.50 2.50 25.50 3.36 25.21 3.50 25.00 3.50 23.50
5 25.50 0.50 27.10 2.10 28.05 1.86 28.99 -0.98 25.50 -0.98
5 -0.98 45.50 -0.98 47.26 -0.50 47.50 2.83 47.50 2.17 45.50
5 15.50 8.50 14.36 6.21 13.50 6.50 13.00 7.50 13.00 8.50
5 33.50 1.00 34.79 1.64 35.00 1.50 35.00 -0.98 33.50 -0.98
4 25.50 36.50 25.50 38.50 26.50 38.50 27.50 36.50
5 20.62 -0.98 18.98 -0.98 17.50 0.50 17.50 1.50 20.00 1.50
4 45.50 3.00 47.33 3.00 47.83 1.50 45.50 1.50
5 5.50 43.50 2.00 40.00 2.00 43.50 2.64 44.79 5.50 43.83
6 43.00 24.00 42.50 24.50 41.00 27.50 42.50 27.50 44.17 25.83 43.50 24.50
6 2.00 40.00 5.50 43.50 6.83 41.50 6.17 39.50 5.50 38.50 1.25 38.50
5 48.50 42.50 48.50 44.50 49.00 45.00 49.98 45.00 49.98 42.50
7 7.50 5.50 6.50 7.50 6.50 8.17 7.90 9.10 8.50 9.25 8.50 5.50 8.00 5.33
5 29.00 15.25 29.00 18.00 31.50 18.00 31.64 17.79 30.83 16.17
4 18.50 9.00 18.50 11.00 19.50 11.00 19.50 8.50
4 14.00 40.00 16.50 40.00 16.50 37.50 14.83 37.50
5 22.17 45.50 23.00 43.00 20.25 43.00 19.50 44.50 22.00 45.75
4 23.50 16.50 23.50 19.00 24.50 19.00 24.50 16.50
5 12.00 35.50 12.50 34.50 11.00 33.00 8.90 35.10 9.00 35.50
5 48.50 18.50 47.00 18.50 47.00 20.50 49.98 20.50 49.98 19.98
4 36.50 1.50 37.50 1.00 37.50 -0.98 36.50 -0.98
5 49.50 34.50 48.00 36.00 48.50 36.50 49.98 36.50 49.98 34.26
5 27.00 43.12 27.00 45.50 28.50 45.50 29.00 45.00 27.10 43.10
7 5.50 20.50 5.50 18.00 5.25 17.50 4.73 16.81 3.50 17.30 3.50 21.00 5.00 21.00
8 20.65 35.12 20.00 34.62 18.90 34.90 18.75 35.00 17.50 37.50 19.10 39.10 20.70 38.70 21.12 37.00
5 47.50 32.50 46.50 34.50 49.50 34.50 49.98 34.26 49.98 33.74
8 38.00 43.50 38.50 43.75 38.83 43.83 40.83 42.83 41.64 41.21 41.36 40.79 38.57 39.86 38.00 41.00
6 30.50 44.00 32.33 44.00 33.00 42.00 32.33 40.67 29.83 43.17 30.17 43.83
5 40.50 7.00 40.50 8.50 41.50 9.50 43.50 8.50 42.00 7.00
6 20.00 30.00 20.50 30.50 22.83 30.50 22.50 29.50 21.00 28.75 20.00 29.25
4 39.83 21.50 39.17 19.50 37.50 19.50 37.50 21.50
6 30.50 11.50 29.83 10.17 28.50 9.50 26.83 9.50 27.50 11.50 30.07 12.79
6 5.50 6.50 3.50 6.50 4.50 8.50 5.50 8.50 6.50 8.17 6.50 7.50
5 23.50 42.50 23.00 43.00 22.17 45.50 24.50 45.50 24.50 42.30
6 9.50 43.50 9.33 44.00 9.75 45.25 11.36 45.79 11.50 45.50 11.50 42.50
4 42.50 18.00 44.83 19.17 45.50 18.50 45.50 16.50
7 31.17 31.17 27.50 33.00 31.17 34.83 32.00 34.00 32.67 32.67 32.71 32.45 31.88 31.35
5 34.21 17.64 36.50 16.50 35.50 15.50 33.50 15.50 33.50 17.17
6 23.50 19.00 21.50 20.00 21.75 20.50 25.83 20.50 25.50 19.50 24.50 19.00
6 33.75 5.75 34.50 5.50 35.25 4.00 34.50 2.50 33.17 3.17 32.50 4.50
8 26.00 16.00 26.50 15.00 26.12 14.25 24.50 13.17 23.50 13.50 22.21 16.07 23.50 16.50 24.50 16.50
7 9.00 18.00 8.50 18.50 8.50 20.50 8.79 21.07 9.50 21.25 9.75 21.12 10.70 19.70
8 12.00 0.00 13.50 1.50 14.50 2.00 15.75 2.00 16.00 1.50 16.00 0.50 15.26 -0.98 12.00 -0.98
6 41.50 33.50 43.50 31.50 43.00 31.00 42.00 31.00 41.00 32.00 41.00 33.33
5 27.50 36.50 27.67 36.00 27.00 34.00 25.00 36.00 25.50 36.50
4 46.00 46.50 46.00 47.50 48.50 47.50 48.00 46.50
9 44.50 40.50 43.50 39.50 42.50 39.50 41.50 40.50 41.36 40.79 41.64 41.21 43.00 41.67 44.36 41.21 44.50 41.00
5 32.00 34.00 34.50 36.50 35.00 35.50 35.00 35.00 32.67 32.67
4 45.50 16.50 45.50 18.50 47.00 18.50 47.00 17.25
5 3.50 6.50 1.50 7.50 1.50 8.50 3.00 10.00 4.50 8.50
5 35.50 31.00 37.00 31.00 38.17 29.83 37.36 28.21 35.50 28.83
5 46.41 7.15 47.12 10.00 49.98 10.00 49.98 6.00 48.33 6.00
5 29.00 18.00 28.50 18.50 28.50 20.17 31.50 21.17 31.50 18.00
7 37.00 22.00 37.00 23.33 37.50 23.50 40.00 22.25 40.17 22.00 39.83 21.50 37.50 21.50
6 27.10 2.10 26.17 3.50 26.83 5.50 28.50 5.50 28.50 2.17 28.05 1.86
6 13.50 32.00 14.50 31.50 14.67 31.00 14.07 29.21 10.50 31.00 11.00 32.00
6 5.25 17.50 5.50 18.00 6.50 18.50 8.50 18.50 9.00 18.00 8.50 17.50
7 35.00 40.00 33.00 40.00 32.25 40.25 32.33 40.67 33.00 42.00 34.50 42.50 36.00 41.00
6 16.00 11.00 17.50 11.50 18.50 11.00 18.50 9.00 17.50 9.00 16.00 9.75
4 14.50 2.00 13.50 1.50 13.50 4.00 14.50 4.50
6 36.17 44.17 34.50 42.50 33.00 42.00 32.33 44.00 32.50 44.50 35.50 44.50
5 0.50 6.50 1.17 5.17 -0.50 3.50 -0.98 3.26 -0.98 6.50
4 5.50 4.50 5.50 6.50 6.50 7.50 7.50 5.50
6 3.00 32.50 -0.50 32.50 -0.98 32.82 -0.98 37.75 0.14 37.86 3.83 34.17
4 40.00 34.00 38.25 34.00 37.50 35.50 40.00 35.50
5 44.83 19.17 42.50 18.00 42.50 20.50 43.83 21.17 45.17 19.83
6 25.50 19.50 25.83 20.50 27.50 20.50 28.50 20.17 28.50 18.50 26.50 17.50
5 16.00 9.75 17.50 9.00 17.50 6.50 15.50 8.50 15.83 9.50
6 2.79 4.36 1.17 5.17 0.50 6.50 1.50 7.50 3.50 6.50 3.50 4.83
6 13.00 14.50 13.00 15.50 13.17 15.83 13.83 16.17 15.17 14.83 15.00 14.50
4 3.50 17.30 2.50 17.50 2.50 21.50 3.50 21.00
8 45.05 44.86 44.50 45.00 44.50 48.00 45.50 48.00 45.83 47.83 46.00 47.50 46.00 46.50 45.25 45.00
8 17.00 44.50 17.38 45.00 18.00 45.00 19.50 44.50 20.25 43.00 19.83 42.17 19.17 41.83 17.50 43.50
6 25.00 46.00 25.00 47.33 26.50 47.83 27.00 47.50 27.00 45.50 25.50 45.50
5 24.50 25.17 24.50 28.00 24.83 28.17 26.90 26.10 25.00 24.83
5 14.50 35.50 16.50 35.50 17.00 35.00 15.83 33.83 15.17 34.17
5 -0.50 3.50 2.50 3.50 2.50 1.83 -0.98 -0.49 -0.98 3.26
4 48.50 16.50 47.00 17.25 47.00 18.50 48.50 18.50
4 6.17 39.50 8.50 39.50 8.50 38.50 5.50 38.50
4 2.50 3.50 -0.50 3.50 1.17 5.17 2.79 4.36
5 19.50 11.00 19.50 13.50 20.25 13.75 21.50 12.50 20.00 11.00
7 3.50 25.50 3.36 25.21 2.50 25.50 1.50 26.50 1.00 28.00 2.50 29.50 3.50 28.50
5 12.17 5.83 11.00 7.00 11.50 7.50 13.00 7.50 13.50 6.50
5 10.50 7.00 10.50 5.00 10.00 4.75 8.50 5.50 10.17 7.17
3 14.50 47.50 14.50 44.50 13.00 46.00
6 27.00 34.00 27.00 33.38 26.17 33.17 23.50 34.50 24.25 36.00 25.00 36.00
6 38.25 25.00 37.50 23.50 37.00 23.33 36.50 23.50 36.50 25.50 38.00 25.50
5 19.50 44.50 18.00 45.00 20.50 47.50 22.00 46.00 22.00 45.75
7 26.50 17.50 28.50 18.50 29.00 18.00 29.00 15.25 28.83 15.00 26.50 15.00 26.00 16.00
5 46.00 24.50 46.50 25.50 48.00 24.00 48.00 23.50 46.00 23.50
4 31.50 1.50 32.00 1.00 32.00 -0.98 29.02 -0.98
6 16.50 29.00 16.50 31.00 16.83 31.17 18.00 30.00 18.00 29.00 17.50 28.50
6 24.32 7.97 25.10 8.10 26.83 5.50 26.17 3.50 25.50 3.50 23.50 5.50
5 24.50 19.00 25.50 19.50 26.50 17.50 26.00 16.00 24.50 16.50
5 27.50 20.50 25.83 20.50 25.07 22.79 25.12 23.00 27.50 23.00
6 33.90 27.10 33.79 27.07 32.50 27.50 32.00 28.00 32.00 31.00 34.70 28.30
5 19.50 11.00 18.50 11.00 17.50 11.50 18.50 13.50 19.50 13.50
5 10.00 17.00 9.50 16.50 8.50 16.50 8.50 17.50 9.00 18.00
5 37.50 1.00 39.88 1.00 40.00 0.50 40.00 -0.98 37.50 -0.98
5 -0.50 32.50 2.50 29.50 1.00 28.00 -0.98 28.00 -0.98 32.82
6 45.50 22.50 46.50 21.50 46.79 20.64 45.17 19.83 43.83 21.17 44.50 22.50
7 44.36 41.21 45.50 43.50 47.50 42.50 47.75 42.25 47.50 41.50 47.00 41.00 44.50 41.00
6 7.67 47.33 6.29 46.64 5.50 47.17 5.50 49.98 8.00 49.98 8.00 48.00
4 47.50 32.50 49.98 33.74 49.98 31.50 47.17 31.50
5 17.50 27.50 13.75 27.50 14.12 29.00 16.50 29.00 17.50 28.50
6 13.50 10.50 14.00 11.00 16.00 11.00 16.00 9.75 15.83 9.50 13.50 9.50
5 14.25 17.00 13.75 18.00 14.00 18.50 16.50 18.50 15.75 17.00
5 44.50 28.50 42.50 27.50 41.00 27.50 41.00 28.00 43.00 30.00
5 27.00 45.50 27.00 47.50 27.50 47.50 28.50 46.50 28.50 45.50
6 18.00 30.00 16.83 31.17 17.17 31.83 17.50 32.00 19.00 32.00 19.00 31.00
6 32.71 32.45 32.67 32.67 35.00 35.00 36.00 34.00 36.00 33.00 34.90 31.90
8 33.00 21.50 31.75 21.50 31.50 22.00 31.50 24.50 32.83 25.17 34.00 24.00 34.00 22.25 33.75 21.88
5 36.50 25.50 36.50 23.50 35.00 25.00 35.00 26.00 36.00 26.00
5 8.00 24.00 6.83 22.83 6.00 23.25 6.00 25.00 7.00 25.00
5 17.06 4.61 15.75 2.00 14.50 2.00 14.50 4.50 15.10 5.10
5 3.50 25.00 6.00 25.00 6.00 23.25 5.00 22.75 3.50 23.50
7 8.00 3.50 7.25 2.00 7.00 1.83 6.75 2.00 5.50 4.50 7.50 5.50 8.00 5.33
5 10.50 3.50 10.50 1.50 9.50 2.00 9.50 3.50 10.00 4.00
8 36.50 7.50 35.50 8.00 35.50 10.50 36.17 11.17 37.29 11.45 37.62 11.00 37.93 9.79 37.50 8.50
5 17.50 33.50 17.50 32.00 17.17 31.83 16.00 33.00 16.00 33.50
4 28.50 46.50 30.50 46.50 29.00 45.00 28.50 45.50
6 43.50 8.50 44.00 8.50 46.10 7.10 45.00 6.00 43.50 5.50 42.00 7.00
5 3.14 47.95 2.83 47.50 -0.50 47.50 1.98 49.98 2.63 49.98
4 43.50 5.50 43.50 3.50 42.50 3.50 42.50 5.00
6 35.00 26.00 35.00 25.00 34.00 24.00 32.83 25.17 33.79 27.07 33.90 27.10
8 2.64 44.79 2.17 45.50 2.83 47.50 3.14 47.95 5.50 47.17 6.29 46.64 5.62 44.00 5.50 43.83
5 13.43 23.86 14.25 25.50 16.50 25.50 17.50 23.50 13.50 23.50
5 47.50 41.50 47.75 42.25 48.50 42.50 49.98 42.50 49.98 39.02
5 11.50 46.00 11.50 48.00 12.50 49.50 14.50 47.50 13.00 46.00
7 12.25 13.00 12.10 12.90 11.50 13.50 10.75 15.00 11.00 15.50 13.00 15.50 13.00 14.50
5 2.64 44.79 2.00 43.50 -0.98 43.50 -0.98 45.50 2.17 45.50
7 14.36 6.21 15.50 8.50 17.50 6.50 17.88 5.75 17.33 4.67 17.06 4.61 15.10 5.10
5 43.75 45.00 42.50 47.50 43.50 48.50 44.50 48.00 44.50 45.00
7 11.50 7.50 11.00 7.00 10.50 7.00 10.17 7.17 9.21 9.07 11.25 9.75 11.50 9.50
5 1.00 20.00 1.00 19.50 -0.98 19.50 -0.98 20.50 0.50 20.50
5 48.17 23.17 48.00 23.50 48.00 24.00 49.98 25.98 49.98 22.26
4 44.50 37.50 43.50 37.50 43.50 39.50 44.50 40.50
5 37.07 13.21 37.50 14.50 39.50 14.50 40.50 13.50 37.39 11.94
3 20.50 26.50 19.00 25.00 17.50 26.50
5 48.50 44.50 48.50 42.50 47.75 42.25 47.50 42.50 47.50 44.50
4 35.00 35.00 35.00 35.50 37.50 35.50 36.00 34.00
5 5.62 44.00 6.29 46.64 7.67 47.33 9.75 45.25 9.33 44.00
4 6.00 25.00 6.00 26.50 8.50 26.50 7.00 25.00
4 18.50 48.50 18.50 49.98 20.50 49.98 20.50 47.50
6 31.90 8.10 29.83 10.17 30.50 11.50 32.50 10.50 32.93 9.21 32.70 8.30
4 42.50 37.50 41.50 38.00 41.50 40.50 42.50 39.50
5 16.00 11.00 16.00 13.00 17.50 14.50 18.50 13.50 17.50 11.50
4 5.50 27.50 7.50 28.50 8.50 26.50 6.00 26.50
4 9.50 3.50 9.50 2.00 7.25 2.00 8.00 3.50
5 38.00 27.50 38.00 25.50 36.50 25.50 36.00 26.00 37.70 27.70
4 42.50 44.50 40.83 42.83 38.83 43.83 40.50 45.50
5 17.50 40.50 16.50 40.00 14.00 40.00 13.64 40.71 15.10 42.90
10 20.20 19.02 19.68 19.23 18.50 21.00 18.50 23.17 19.00 23.50 21.00 23.50 21.21 23.36 21.93 21.21 21.75 20.50 21.50 20.00
4 32.00 1.00 33.50 1.00 33.50 -0.98 32.00 -0.98
5 4.50 8.50 3.00 10.00 3.00 10.25 5.50 11.50 5.50 8.50
4 1.00 28.00 1.50 26.50 -0.98 24.02 -0.98 28.00
4 8.50 39.50 10.50 39.50 10.50 38.50 8.50 38.50
6 32.00 37.75 32.00 40.00 32.25 40.25 33.00 40.00 35.50 37.50 34.50 36.50
7 8.50 13.50 7.75 12.00 5.67 12.00 4.77 14.68 5.14 15.59 7.10 15.10 8.21 14.36
5 22.00 4.00 23.50 5.50 25.50 3.50 24.00 2.75 22.50 3.50
4 39.75 25.00 41.00 27.50 42.50 24.50 40.00 24.50
4 35.50 39.50 38.50 39.50 36.50 37.50 35.50 37.50
7 32.00 31.00 31.88 31.35 32.71 32.45 34.90 31.90 35.50 31.00 35.50 28.83 34.70 28.30
6 36.50 6.50 34.50 5.50 33.75 5.75 33.00 8.00 35.50 8.00 36.50 7.50
7 46.50 25.50 46.50 26.00 46.70 26.30 47.00 26.50 49.98 26.50 49.98 25.98 48.00 24.00
5 10.00 12.00 8.50 13.50 11.50 13.50 12.10 12.90 11.50 12.00
6 13.83 16.17 14.25 17.00 15.75 17.00 16.00 16.50 16.00 15.25 15.17 14.83
4 48.50 36.50 48.50 38.50 49.98 38.99 49.98 36.50
4 34.50 14.50 35.50 14.50 36.50 13.50 34.50 13.50
6 5.00 22.75 5.00 21.00 3.50 21.00 2.50 21.50 2.50 22.50 3.50 23.50
5 11.00 18.00 10.00 17.00 9.00 18.00 10.70 19.70 11.00 19.50
5 16.50 18.50 15.25 21.00 18.50 21.00 19.68 19.23 17.50 18.50
5 40.00 0.50 43.50 0.50 44.00 0.25 44.00 -0.98 40.00 -0.98
5 43.83 21.17 42.50 20.50 41.00 22.00 43.00 24.00 44.50 22.50
5 27.50 47.50 29.50 48.50 31.00 47.00 30.50 46.50 28.50 46.50
5 31.75 21.50 31.50 21.17 28.50 20.17 28.50 23.50 31.50 22.00
7 9.50 43.50 8.50 41.50 6.83 41.50 5.50 43.50 5.50 43.83 5.62 44.00 9.33 44.00
8 13.64 40.71 14.00 40.00 11.50 37.50 10.75 37.75 10.50 38.50 10.50 39.50 10.79 40.36 11.95 41.14
5 41.50 47.50 40.50 46.50 38.50 48.50 38.50 49.98 39.02 49.98
8 14.50 4.50 13.50 4.00 12.25 4.00 11.75 5.00 12.17 5.83 13.50 6.50 14.36 6.21 15.10 5.10
5 30.90 36.10 30.88 36.00 27.67 36.00 27.50 36.50 29.00 38.00
8 33.50 13.00 32.50 13.50 32.25 13.75 32.50 14.50 33.50 15.50 34.50 14.50 34.50 13.50 34.00 13.00
7 29.86 5.95 28.50 5.50 26.83 5.50 25.10 8.10 26.17 9.17 26.64 9.36 29.90 6.10
8 23.10 30.90 25.00 29.00 25.00 28.50 24.83 28.17 24.50 28.00 23.25 28.00 22.50 29.50 22.83 30.50
4 8.50 39.50 8.50 41.50 10.79 40.36 10.50 39.50
4 2.50 29.50 -0.50 32.50 3.00 32.50 3.00 30.00
5 37.75 4.00 35.25 4.00 34.50 5.50 36.50 6.50 38.50 4.50
5 17.50 47.50 16.00 49.00 16.00 49.98 18.50 49.98 18.50 48.50
8 42.00 15.50 42.00 16.50 42.35 17.88 42.50 18.00 45.50 16.50 45.50 15.50 43.21 14.36 42.10 15.10
4 44.50 26.00 44.17 25.83 42.50 27.50 44.50 28.50
4 17.50 1.50 17.50 4.50 20.00 2.00 20.00 1.50
6 10.00 4.75 10.00 4.00 9.50 3.50 8.00 3.50 8.00 5.33 8.50 5.50
4 38.50 16.50 39.64 18.79 42.35 17.88 42.00 16.50
7 27.50 30.50 27.00 30.00 26.00 30.00 24.50 31.50 26.17 33.17 27.00 33.38 27.50 33.00
4 19.50 27.50 20.50 26.50 17.50 26.50 17.50 27.50
5 22.50 29.50 23.25 28.00 23.00 27.50 21.00 27.50 21.00 28.75
5 30.83 16.17 31.64 17.79 33.50 17.17 33.50 15.50 32.50 14.50
6 23.50 25.50 23.00 26.00 23.00 27.50 23.25 28.00 24.50 28.00 24.50 25.17
6 27.64 27.21 27.00 28.50 27.00 30.00 27.50 30.50 29.17 28.83 28.50 27.50
5 39.90 6.10 37.50 8.50 37.93 9.79 40.50 8.50 40.50 7.00
6 15.83 33.83 17.00 35.00 18.75 35.00 18.90 34.90 17.50 33.50 16.00 33.50
4 19.17 41.83 18.36 40.21 17.50 40.50 17.50 43.50
5 17.50 40.50 15.10 42.90 15.29 43.64 17.00 44.50 17.50 43.50
8 22.00 46.00 23.50 47.50 24.50 47.50 25.00 47.33 25.00 46.00 24.50 45.50 22.17 45.50 22.00 45.75
6 7.67 47.33 8.00 48.00 11.50 48.00 11.50 46.00 11.36 45.79 9.75 45.25
5 33.00 21.50 33.75 21.88 35.83 20.83 36.50 19.50 34.50 18.50
5 33.79 27.07 32.83 25.17 31.50 24.50 30.50 25.50 32.50 27.50
6 38.50 39.50 38.57 39.86 41.36 40.79 41.50 40.50 41.50 38.00 39.50 38.00
5 23.50 13.50 24.50 13.17 24.50 12.50 23.00 11.00 21.50 12.50
5 40.00 22.25 37.50 23.50 38.25 25.00 39.75 25.00 40.00 24.50
5 12.83 8.83 13.50 9.50 15.83 9.50 15.50 8.50 13.00 8.50
5 15.00 14.00 14.00 13.00 12.25 13.00 13.00 14.50 15.00 14.50
4 33.50 11.50 33.50 13.00 34.00 13.00 35.50 11.50
4 10.00 12.00 8.50 10.50 7.75 12.00 8.50 13.50
7 37.50 1.00 36.50 1.50 37.75 4.00 38.50 4.50 39.25 4.50 40.25 2.50 39.88 1.00
6 20.50 32.50 20.00 33.00 20.00 34.62 20.65 35.12 22.50 34.50 22.50 31.50
7 26.64 9.36 26.17 9.17 24.50 12.50 24.50 13.17 26.12 14.25 27.50 11.50 26.83 9.50
5 47.64 13.36 46.62 12.00 44.00 12.00 43.21 14.36 45.50 15.50
5 8.50 38.50 10.50 38.50 10.75 37.75 9.00 36.00 8.50 36.50
5 23.50 47.50 22.50 49.50 22.50 49.98 24.50 49.98 24.50 47.50
6 25.00 36.00 24.25 36.00 23.75 37.00 24.64 38.79 25.50 38.50 25.50 36.50
6 41.50 11.00 41.64 11.21 44.00 12.00 44.00 8.50 43.50 8.50 41.50 9.50
5 14.50 33.50 13.50 33.50 12.50 34.50 14.50 35.50 15.17 34.17
6 40.50 33.50 38.83 31.83 38.17 32.17 37.75 33.00 38.25 34.00 40.00 34.00
6 21.21 23.36 21.00 23.50 21.00 26.00 23.00 26.00 23.50 25.50 21.50 23.50
5 44.50 33.50 42.50 34.50 43.00 35.50 45.00 35.50 45.50 34.50
7 49.00 45.00 48.00 46.00 48.00 46.50 48.50 47.50 49.50 48.50 49.98 48.82 49.98 45.00
7 37.50 19.50 39.17 19.50 39.64 18.79 38.50 16.50 37.50 16.17 37.00 16.50 37.00 19.33
7 24.25 8.00 23.00 10.50 23.00 11.00 24.50 12.50 26.17 9.17 25.10 8.10 24.32 7.97
6 17.50 23.50 16.50 25.50 17.50 26.50 19.00 25.00 19.00 23.50 18.50 23.17
4 36.00 48.00 35.50 48.00 35.50 49.98 37.98 49.98
4 48.50 16.50 48.50 18.50 49.98 19.98 49.98 15.02
6 4.21 34.07 5.75 31.00 5.50 30.83 3.00 30.00 3.00 32.50 3.83 34.17
6 47.00 20.50 46.79 20.64 46.50 21.50 48.17 23.17 49.98 22.26 49.98 20.50
4 22.00 46.00 20.50 47.50 22.50 49.50 23.50 47.50
5 23.10 30.90 22.50 31.50 22.50 34.50 23.50 34.50 23.50 31.17
4 9.50 26.50 9.50 30.50 9.95 30.59 11.17 28.17
6 30.88 36.00 30.90 36.10 32.00 37.75 34.50 36.50 32.00 34.00 31.17 34.83
6 42.50 5.00 39.62 5.00 39.90 6.10 40.50 7.00 42.00 7.00 43.50 5.50
5 44.50 48.00 43.50 48.50 43.50 49.98 45.50 49.98 45.50 48.00
7 9.50 23.50 9.50 21.25 8.79 21.07 7.50 21.50 6.83 22.83 8.00 24.00 8.50 24.00
6 34.50 18.50 36.50 19.50 37.00 19.33 37.00 16.50 36.50 16.50 34.21 17.64
7 45.50 43.50 44.36 41.21 43.00 41.67 43.00 44.50 43.75 45.00 44.50 45.00 45.05 44.86
7 19.50 13.50 18.50 13.50 17.50 14.50 18.17 15.83 20.59 17.05 21.12 16.35 20.25 13.75
5 10.50 5.00 10.50 7.00 11.00 7.00 12.17 5.83 11.75 5.00
6 34.50 47.50 36.50 45.50 36.50 44.25 36.17 44.17 35.50 44.50 34.50 45.50
5 1.50 26.50 2.50 25.50 0.50 23.50 -0.98 23.50 -0.98 24.02
4 49.50 34.50 46.50 34.50 47.25 36.00 48.00 36.00
4 41.50 2.50 42.50 3.50 43.50 3.50 43.50 2.50
6 27.50 11.50 26.12 14.25 26.50 15.00 28.83 15.00 30.14 13.05 30.07 12.79
4 -0.50 47.50 -0.98 47.26 -0.98 49.98 1.98 49.98
5 24.50 31.50 26.00 30.00 25.00 29.00 23.10 30.90 23.50 31.17
4 37.83 47.17 38.50 48.50 40.50 46.50 38.50 46.50
5 6.00 34.67 7.50 34.17 7.50 31.00 5.75 31.00 4.21 34.07
5 16.50 18.50 17.50 18.50 17.50 16.50 16.00 16.50 15.75 17.00
5 17.50 26.50 16.50 25.50 14.25 25.50 13.75 27.50 17.50 27.50
5 49.00 45.00 48.50 44.50 47.50 44.50 47.00 45.00 48.00 46.00
5 41.00 32.00 39.50 30.50 38.83 31.83 40.50 33.50 41.00 33.33
6 20.59 17.05 18.17 15.83 17.50 16.50 17.50 18.50 19.68 19.23 20.20 19.02
5 17.50 27.50 17.50 28.50 18.00 29.00 19.50 29.00 19.50 27.50
6 44.17 25.83 44.50 26.00 46.50 26.00 46.50 25.50 46.00 24.50 43.50 24.50
6 38.57 39.86 38.50 39.50 35.50 39.50 35.00 40.00 36.00 41.00 38.00 41.00
5 13.50 23.00 13.50 23.50 17.50 23.50 15.10 21.10 14.36 21.29
6 43.50 24.50 46.00 24.50 46.00 23.50 45.50 22.50 44.50 22.50 43.00 24.00
5 38.17 29.83 37.00 31.00 38.17 32.17 38.83 31.83 39.50 30.50
7 8.50 9.25 8.50 10.50 10.00 12.00 11.50 12.00 11.50 10.50 11.25 9.75 9.21 9.07
6 16.00 33.00 14.50 31.50 14.50 33.50 15.17 34.17 15.83 33.83 16.00 33.50
5 35.50 8.00 33.00 8.00 32.70 8.30 32.93 9.21 35.50 10.50
6 7.00 -0.98 4.74 -0.98 3.50 1.50 4.50 2.00 6.75 2.00 7.00 1.83
6 18.50 48.50 20.50 47.50 18.00 45.00 17.38 45.00 17.07 46.21 17.50 47.50
6 47.00 45.00 47.50 44.50 47.50 42.50 45.50 43.50 45.05 44.86 45.25 45.00
6 12.50 27.50 13.75 27.50 14.25 25.50 13.43 23.86 10.75 24.75 10.50 25.50
5 21.00 39.00 21.50 40.50 23.50 42.50 24.50 42.30 24.50 39.00
4 44.50 26.00 44.50 28.50 46.70 26.30 46.50 26.00
6 -0.98 37.75 -0.98 43.50 2.00 43.50 2.00 40.00 1.25 38.50 0.14 37.86
6 27.50 33.00 27.00 33.38 27.00 34.00 27.67 36.00 30.88 36.00 31.17 34.83
8 3.50 17.30 4.73 16.81 5.14 15.59 4.77 14.68 1.50 12.50 -0.32 12.86 1.50 16.50 2.50 17.50
6 44.00 0.25 44.50 0.50 48.50 0.50 49.98 -0.98 49.98 -0.98 44.00 -0.98
5 39.50 15.50 42.00 15.50 42.10 15.10 40.50 13.50 39.50 14.50
5 12.10 12.90 12.25 13.00 14.00 13.00 16.00 11.00 14.00 11.00
5 37.75 33.00 36.00 33.00 36.00 34.00 37.50 35.50 38.25 34.00
7 47.25 36.00 46.36 37.79 46.70 38.30 47.00 38.50 48.50 38.50 48.50 36.50 48.00 36.00
6 41.50 38.00 42.50 37.50 41.00 36.00 40.25 36.00 39.50 37.50 39.50 38.00
5 43.00 41.67 41.64 41.21 40.83 42.83 42.50 44.50 43.00 44.50
4 5.50 8.50 5.50 11.50 7.90 9.10 6.50 8.17
5 42.50 34.50 44.50 33.50 44.50 31.83 43.50 31.50 41.50 33.50
5 47.00 30.00 46.50 30.50 47.17 31.50 49.98 31.50 49.98 29.01
5 26.90 26.10 24.83 28.17 25.00 28.50 27.00 28.50 27.64 27.21
8 40.25 36.00 41.00 36.00 42.50 34.50 41.50 33.50 41.00 33.33 40.50 33.50 40.00 34.00 40.00 35.50
5 43.00 30.00 41.00 28.00 40.50 29.50 42.00 31.00 43.00 31.00
8 45.00 6.00 46.10 7.10 46.41 7.15 48.33 6.00 47.33 3.00 45.50 3.00 45.17 3.17 45.00 3.50
7 47.50 32.50 47.17 31.50 46.50 30.50 44.50 31.83 44.50 33.50 45.50 34.50 46.50 34.50
