50
6 22.50 12.50 22.50 18.50 23.83 18.06 25.64 15.64 26.50 13.50 24.00 12.50
6 5.50 17.50 4.50 16.50 0.75 16.50 0.60 16.60 3.50 19.50 5.50 19.50
5 22.25 24.88 20.81 23.19 16.30 27.70 17.55 29.58 23.30 29.58
4 9.00 17.50 9.00 14.25 4.50 16.50 5.50 17.50
6 27.50 19.50 26.00 19.50 26.00 23.00 27.50 23.00 29.58 22.48 29.58 21.58
7 0.60 16.60 0.75 16.50 4.27 11.81 4.00 11.00 1.00 11.00 -0.58 12.58 -0.58 16.73
5 6.67 4.00 12.50 4.00 14.83 2.83 13.47 -0.58 8.19 -0.58
5 3.50 20.50 2.50 21.50 2.50 23.00 3.79 23.64 4.75 23.00
6 5.25 23.00 6.79 19.93 5.50 19.50 3.50 19.50 3.50 20.50 4.75 23.00
5 3.79 23.64 2.50 23.00 -0.58 23.00 -0.58 29.58 1.81 29.58
5 18.06 18.50 17.96 18.08 12.67 11.47 12.50 11.39 12.50 18.50
5 23.40 5.58 22.22 0.89 16.67 3.67 20.33 7.33 21.50 7.10
7 27.50 1.50 22.44 -0.19 22.22 0.89 23.40 5.58 24.00 5.93 29.58 7.52 29.58 3.58
4 17.50 10.50 12.67 11.47 17.96 18.08 20.33 13.33
5 6.79 19.93 9.30 19.30 9.00 17.50 5.50 17.50 5.50 19.50
4 4.00 11.00 4.00 7.25 -0.50 9.50 1.00 11.00
6 2.50 21.50 3.50 20.50 3.50 19.50 0.60 16.60 -0.58 16.73 -0.58 21.50
5 -0.50 9.50 4.00 7.25 4.60 5.16 -0.58 3.22 -0.58 9.50
5 16.67 3.67 15.83 3.83 15.41 5.95 19.25 7.88 20.33 7.33
4 1.00 11.00 -0.50 9.50 -0.58 9.50 -0.58 12.58
7 8.32 25.05 8.85 24.62 10.14 21.41 9.50 19.50 9.30 19.30 6.79 19.93 5.25 23.00
8 9.30 19.30 9.50 19.50 12.50 18.50 12.50 11.39 12.47 11.38 9.14 13.76 9.00 14.25 9.00 17.50
7 22.44 -0.19 22.40 -0.58 13.47 -0.58 14.83 2.83 15.83 3.83 16.67 3.67 22.22 0.89
5 22.44 -0.19 27.50 1.50 29.58 -0.58 29.58 -0.58 22.40 -0.58
5 14.17 25.83 19.27 20.73 19.17 20.17 18.75 19.75 12.21 21.93
3 27.50 1.50 29.58 3.58 29.58 -0.58
6 6.43 4.43 6.67 4.00 8.19 -0.58 -0.58 -0.58 -0.58 3.22 4.60 5.16
4 17.50 10.50 20.33 13.33 22.14 12.43 21.50 10.50
5 16.30 27.70 20.81 23.19 19.27 20.73 14.17 25.83 14.03 26.18
4 28.17 18.17 27.50 19.50 29.58 21.58 29.58 17.46
5 12.50 4.00 6.67 4.00 6.43 4.43 12.25 10.25 12.50 9.83
8 20.33 13.33 17.96 18.08 18.06 18.50 18.75 19.75 19.17 20.17 22.50 18.50 22.50 12.50 22.14 12.43
5 16.30 27.70 14.03 26.18 13.86 26.29 12.21 29.58 17.55 29.58
7 21.50 10.50 22.14 12.43 22.50 12.50 24.00 12.50 24.00 5.93 23.40 5.58 21.50 7.10
5 26.50 13.50 29.58 12.18 29.58 7.52 24.00 5.93 24.00 12.50
4 27.50 23.00 27.50 29.58 29.58 29.58 29.58 22.48
5 29.58 17.46 29.58 12.18 26.50 13.50 25.64 15.64 28.17 18.17
5 28.17 18.17 25.64 15.64 23.83 18.06 26.00 19.50 27.50 19.50
5 20.33 7.33 19.25 7.88 17.50 10.50 21.50 10.50 21.50 7.10
5 27.50 23.00 26.00 23.00 22.25 24.88 23.30 29.58 27.50 29.58
8 19.27 20.73 20.81 23.19 22.25 24.88 26.00 23.00 26.00 19.50 23.83 18.06 22.50 18.50 19.17 20.17
6 10.14 21.41 12.21 21.93 18.75 19.75 18.06 18.50 12.50 18.50 9.50 19.50
6 3.79 23.64 1.81 29.58 6.81 29.58 8.32 25.05 5.25 23.00 4.75 23.00
5 9.00 14.25 9.14 13.76 4.27 11.81 0.75 16.50 4.50 16.50
5 13.86 26.29 8.85 24.62 8.32 25.05 6.81 29.58 12.21 29.58
5 15.41 5.95 15.83 3.83 14.83 2.83 12.50 4.00 12.50 9.83
8 12.67 11.47 17.50 10.50 19.25 7.88 15.41 5.95 12.50 9.83 12.25 10.25 12.47 11.38 12.50 11.39
8 9.14 13.76 12.47 11.38 12.25 10.25 6.43 4.43 4.60 5.16 4.00 7.25 4.00 11.00 4.27 11.81
6 14.17 25.83 12.21 21.93 10.14 21.41 8.85 24.62 13.86 26.29 14.03 26.18
4 2.50 23.00 2.50 21.50 -0.58 21.50 -0.58 23.00
