50
4 16.17 8.17 13.67 5.67 12.31 8.38 15.12 10.25
5 18.83 6.83 16.33 4.33 13.83 4.83 13.67 5.67 16.17 8.17
6 25.50 21.50 21.90 21.50 22.00 22.00 29.54 29.54 29.58 29.54 29.58 27.62
4 5.50 15.50 7.05 18.59 7.50 18.50 7.50 15.50
4 16.62 23.56 17.80 21.80 15.17 19.17 11.50 21.00
4 13.83 4.83 16.33 4.33 17.77 1.46 10.46 1.46
5 1.50 6.50 4.50 6.50 -0.54 1.46 -0.58 1.46 -0.58 2.34
6 7.50 18.50 9.90 18.50 10.20 18.00 10.25 17.75 9.00 14.00 7.50 15.50
4 1.00 13.00 1.00 19.33 4.50 20.50 2.00 13.00
7 24.60 11.00 25.32 10.60 25.94 6.88 24.67 4.33 22.00 3.00 19.88 7.23 22.90 11.00
4 25.94 6.88 28.90 4.90 26.50 2.50 24.67 4.33
5 10.28 9.28 8.04 11.07 9.00 12.67 13.35 14.12 14.36 13.36
4 5.00 26.50 -0.58 26.50 -0.58 29.54 5.00 29.54
5 10.00 25.50 12.76 29.18 15.23 26.23 10.64 21.64 10.00 22.50
6 12.76 29.18 10.00 25.50 5.17 25.50 5.00 26.50 5.00 29.54 12.69 29.54
5 26.50 2.50 28.90 4.90 29.58 4.73 29.58 1.46 26.85 1.46
5 2.75 12.75 2.00 13.00 4.50 20.50 7.05 18.59 5.50 15.50
5 22.00 3.00 24.67 4.33 26.50 2.50 26.85 1.46 21.49 1.46
7 8.04 11.07 5.54 10.76 2.75 12.75 5.50 15.50 7.50 15.50 9.00 14.00 9.00 12.67
9 1.00 13.00 2.00 13.00 2.75 12.75 5.54 10.76 4.85 6.59 4.50 6.50 1.50 6.50 -0.58 8.58 -0.58 12.68
4 1.00 19.33 1.00 13.00 -0.58 12.68 -0.58 19.86
8 7.05 18.59 4.50 20.50 4.50 22.50 10.00 22.50 10.64 21.64 10.90 21.00 9.90 18.50 7.50 18.50
6 22.00 28.50 16.06 25.53 15.23 26.23 12.76 29.18 12.69 29.54 22.69 29.54
5 25.94 6.88 25.32 10.60 29.58 11.13 29.58 4.73 28.90 4.90
7 25.32 10.60 24.60 11.00 25.68 16.38 26.00 16.62 27.21 16.93 29.58 16.14 29.58 11.13
4 22.00 22.00 22.00 28.50 22.69 29.54 29.54 29.54
6 4.50 22.50 4.50 20.50 1.00 19.33 -0.58 19.86 -0.58 23.92 4.31 22.94
5 9.00 12.67 9.00 14.00 10.25 17.75 13.17 14.83 13.35 14.12
4 28.79 20.07 27.21 16.93 26.00 16.62 26.00 21.00
7 16.33 4.33 18.83 6.83 19.79 7.21 19.88 7.23 22.00 3.00 21.49 1.46 17.77 1.46
5 21.50 12.17 21.50 19.17 25.68 16.38 24.60 11.00 22.90 11.00
7 17.50 13.50 21.50 12.17 22.90 11.00 19.88 7.23 19.79 7.21 15.67 11.33 15.94 12.72
5 4.31 22.94 -0.58 23.92 -0.58 26.50 5.00 26.50 5.17 25.50
7 21.90 21.50 20.75 20.54 17.80 21.80 16.62 23.56 16.06 25.53 22.00 28.50 22.00 22.00
8 20.76 20.39 20.75 20.54 21.90 21.50 25.50 21.50 26.00 21.00 26.00 16.62 25.68 16.38 21.50 19.17
6 15.17 19.17 17.80 21.80 20.75 20.54 20.76 20.39 17.50 15.50 14.90 18.10
7 13.67 5.67 13.83 4.83 10.46 1.46 7.89 1.46 7.86 1.57 10.38 9.15 12.31 8.38
7 10.90 21.00 11.50 21.00 15.17 19.17 14.90 18.10 14.75 18.00 10.20 18.00 9.90 18.50
6 10.38 9.15 7.86 1.57 4.85 6.59 5.54 10.76 8.04 11.07 10.28 9.28
4 27.21 16.93 28.79 20.07 29.58 20.27 29.58 16.14
3 1.50 6.50 -0.58 2.34 -0.58 8.58
5 19.79 7.21 18.83 6.83 16.17 8.17 15.12 10.25 15.67 11.33
5 4.50 6.50 4.85 6.59 7.86 1.57 7.89 1.46 -0.54 1.46
5 28.79 20.07 26.00 21.00 25.50 21.50 29.58 27.62 29.58 20.27
5 10.00 25.50 10.00 22.50 4.50 22.50 4.31 22.94 5.17 25.50
7 15.94 12.72 15.67 11.33 15.12 10.25 12.31 8.38 10.38 9.15 10.28 9.28 14.36 13.36
6 10.64 21.64 15.23 26.23 16.06 25.53 16.62 23.56 11.50 21.00 10.90 21.00
5 17.50 13.50 17.50 15.50 20.76 20.39 21.50 19.17 21.50 12.17
4 10.20 18.00 14.75 18.00 13.17 14.83 10.25 17.75
8 13.35 14.12 13.17 14.83 14.75 18.00 14.90 18.10 17.50 15.50 17.50 13.50 15.94 12.72 14.36 13.36
